 



ESTADO DE SANTA CATARINA

MUNICÍPIO DE CHAPECÓ


LEI COMPLEMENTAR Nº. 686, DE 23 DE OUTUBRO DE 2020.

Dispõe sobre alteração do Anexo I da Lei Complementar nº 616, de 12 de março de 2018 e dá outras providências.

O PREFEITO MUNICIPAL DE CHAPECÓ, Estado de Santa Catarina, no uso de suas atribuições legais, faz saber que a Câmara Municipal de Chapecó aprovou e fica sancionada a seguinte Lei Complementar:

Art. 1º. O Anexo I da Lei Complementar nº 616, de 12 de março de 2018, passa a vigorar nos termos do Anexo Único da presente Lei Complementar.

Art. 2º. Esta Lei Complementar entra em vigor na data de sua publicação.

Gabinete do Prefeito Municipal de Chapecó, Estado de Santa Catarina, em 23 de outubro de 2020.

LUCIANO JOSÉ BULIGON

Prefeito Municipal
ANEXO ÚNICO

Anexo I

(Lei Complementar nº 616/2018)

LISTA IMÓVEIS DISTRITO DE MARECHAL BORMANN

	DISTRITO DE MARECHAL BORMANN

	Cadastro Imobiliário

	128960

	128961

	128962

	128963

	128964

	128965

	128966

	128967

	128968

	128969

	128970

	128971

	128972

	128973

	128974

	128975

	128976

	128977

	128978

	128979

	128980

	128981

	128982

	128983

	128984

	128985

	128986

	128987

	128988

	128989

	128990

	128991

	128992

	128993

	128994

	128995

	128996

	128997

	128998

	128999

	129000

	129001

	129002

	129003

	129004

	129005

	129006

	129007

	129008

	129009

	129010

	129011

	129012

	129013

	129014

	129015

	129016

	129017

	129018

	129019

	129020

	129021

	129022

	129023

	129024

	129025

	129026

	129027

	129028

	129029

	129030

	129031

	129032

	129033

	129034

	129035

	129036

	129037

	129038

	129039

	129040

	129041

	129042

	129043

	129044

	129045

	129046

	129047

	129048

	129049

	129050

	129051

	129052

	129053

	129054

	129056

	129057

	129058

	129059

	129060

	129061

	129062

	129063

	129064

	129065

	129066

	129067

	129068

	129069

	129070

	129071

	129072

	129073

	129074

	129075

	129076

	129077

	129078

	129079

	129080

	129081

	129082

	129083

	129084

	129085

	129086

	129087

	129088

	129089

	129090

	129091

	129092

	129093

	129094

	129095

	129096

	129097

	129098

	129099

	129100

	129101

	129102

	129103

	129104

	129105

	129106

	129107

	129108

	129109

	129110

	129111

	129112

	129113

	129114

	129115

	129116

	129117

	129118

	129119

	129120

	129121

	129122

	129123

	129124

	129125

	129126

	129127

	129128

	129129

	129130

	129131

	129132

	129133

	129134

	129135

	129136

	129137

	129138

	129139

	129140

	129141

	129142

	129143

	129144

	129145

	129146

	129147

	129148

	129149

	129150

	129151

	129152

	129153

	129154

	129155

	129156

	129157

	129158

	129159

	129161

	129162

	129163

	129164

	129165

	129166

	129167

	129168

	129169

	129170

	129171

	129172

	129173

	129174

	129175

	129176

	129177

	129178

	129179

	129180

	129181

	129182

	129183

	129184

	129185

	129186

	129187

	129188

	129189

	129190

	129191

	129192

	129193

	129194

	129195

	129196

	129197

	129198

	129199

	129200

	129201

	129202

	129203

	129204

	129205

	129206

	129207

	129208

	129211

	129212

	129213

	129214

	129215

	129216

	129217

	129218

	129219

	129220

	129221

	129222

	129223

	129224

	129225

	129226

	129227

	129228

	129229

	129230

	129231

	129232

	129233

	129234

	129235

	129236

	129237

	129238

	129239

	129240

	129241

	129242

	129243

	129244

	129245

	129246

	129247

	129248

	129249

	129250

	129251

	129252

	129253

	129254

	129255

	129256

	129257

	129258

	129259

	129261

	129262

	129263

	129264

	129265

	129266

	129267

	129268

	129271

	129272

	129273

	129274

	129275

	129276

	129277

	129278

	129279

	129280

	129281

	129282

	129283

	129284

	129285

	129286

	129287

	129288

	129289

	129290

	129291

	129292

	129293

	129294

	129295

	129296

	129297

	129298

	129299

	129300

	129301

	129302

	129303

	129304

	129305

	129306

	129307

	129308

	129309

	129310

	129311

	129312

	129313

	129314

	129315

	129316

	129317

	129318

	129319

	129320

	129321

	129322

	129323

	129324

	129325

	129326

	129327

	129328

	129329

	129330

	129331

	129332

	129333

	129334

	129335

	129336

	129337

	129338

	129339

	129340

	129341

	129342

	129343

	129344

	129345

	129346

	129347

	129348

	129349

	129350

	129351

	129352

	129353

	129354

	129355

	129356

	129357

	129358

	129359

	129360

	129361

	129362

	129363

	129364

	129365

	129366

	129367

	129368

	129369

	129370

	129371

	129372

	129373

	129374

	129375

	129376

	129377

	129378

	129379

	129380

	129381

	129382

	129383

	129384

	129385

	129386

	129387

	129388

	129389

	129390

	129391

	129392

	129393

	129394

	129395

	129396

	129397

	129398

	129399

	129400

	129401

	129402

	129403

	129404

	129405

	129406

	129407

	129408

	129409

	129410

	129411

	129412

	129413

	129414

	129415

	129416

	129417

	129418

	129419

	129420

	129421

	129422

	129423

	129424

	129425

	129426

	129427

	129428

	129429

	129430

	129431

	129432


28

